100000000
000000010
000000011
000000100
000001011
111001100
001110000
101000111
000000001
111001001
010010101
011000100
000000110
100000000
000000111
111011001
000001010
000010111
000001000
111001100
000101000
000011000
001110000
101000111
000001000
000010101
000000001
111001001
010010001
000011000
001101010
111011110
000001010
000010111
000000001
000010011
001011010
111011010
000001010
001001010
000010111
000000011
000010100
000000010
000010101
000001011
111011010
000001010
001001010
000010101
000000001
000010110
010100000
010110000
000001001
000010101
011011001
000011001
101000111
000000101
000010111
110000001
000000111
100001111
000001010
001001010
100001011
000001010
100001001
000000001
000010100
110000001
000000100
001011010
011000010
000000010
111001001
000000001
000011011
000000100
100000000
000000101
000010101
000000110
000010011
000100110
111001100
000100110
000010110
001110111
000010111
100100000
000000001
000010111
100100001
010010001
000010111
100100010
010010001
000010111
100100011
010010001
000010111
100100100
010010001
000010111
100100101
010010001
000010111
100100110
010010001
111011111
000001010
000010111
100100111
001101010
111011011
010000101
111011100
000001010
001001010
000010111
101000111
000000001
000010100
010010000
010000101
000010010
000000001
000010100
010100000
010110000
000001000
000010100
011011000
000011000
101000111
000000100
111011101
000001010
111001100
000000001
000010011
000110001
000010101
110000001
000000101
001011010
111111111