111001010
001110010
100010001
000000101
100010100
000000110
100010110
000000111
100001010
000000001
000010010
001010101
000010010
000000001
100011010
001010110
001000111
100001010
000000100
001000111
100011010
000000010
111001010
110000001
001110011
110000001
001110100
100000000
000000101
111001100
000000110
100010100
110010010
000000111
000010010
000000001
000010101
001100110
111001001
000000001
000010100
010011000
000010101
000000001
111001100
000100001
000011000
010000001
011000011
000000001
000010100
010100000
010110000
000001000
000010100
011011000
000011000
000000100
000010010
000000001
000010101
110000001
000000101
001010111
111001110
000000110
111001111
000000111
111001100
000000101
000010010
000100101
111001011
000000001
000010101
001100110
000010101
000001000
111001100
000111000
000010010
000111000
000011000
001111000
000011000
000000001
000010100
010010000
010000101
011000011
000000001
000010100
010100000
010110000
000001000
000010100
011011000
000011000
000000100
111001011
000000001
000010101
110000001
000000101
001010111
111010000
000000110
111010001
000000111
111001011
000000001
111001100
000000101
001100110
000010101
001111000
000011000
100100000
000000001
000011000
100100001
010010001
000011000
100100010
010010001
000011000
100100011
010010001
000011000
100100100
010010001
000011000
100100101
010010001
000011000
100100110
010010001
111010010
000001001
100000001
001101001
000011000
101000111
010000101
111010010
110000011
000001010
001001010
000011000
101100111
010000101
111001011
000000001
000010101
110000001
000000101
001010111
111111111