100000000
000000010
000000011
100000001
000000100
000000101
111010110
000000110
000010101
000000001
011000011
010100000
010110000
000000001
000010101
011010001
000010001
000000101
111001100
000000001
000010010
000100001
000010001
001110001
000010101
010010001
111001001
001100110
111010100
000000110
100000000
000000010
111001011
000000001
000010100
001010110
111010101
000000110
000010011
110000001
000000011
100000001
000000100
001000110
000010100
110000001
000000100
111010111
000000110
000010100
000000101
001000110
000010010
110000001
000000010
111010011
000000110
100001010
000000001
000010010
001010110
111011000
000000110
000010100
000000101
100000000
000000010
000010101
000000001
011000011
010100000
010110000
000000001
000010101
011010001
000010000
000000101
111001100
000000001
000010010
000100001
000010001
001110001
000010101
010010000
010000010
111001100
000000001
000010010
110000001
000000010
001010110
111111111